 GWS_ext(e, :)   150.00257087251771        149.99315097989887        149.99592600137623     
 lateral_GW_flux:    2.57087251770826696883887052536010742E-0003  -6.84902010112864445545710623264312744E-0003  -4.07399862376678356667980551719665527E-0003
 itr:            1  GW_residual:    6.84902010112864445545710623264312744E-0003  SW_residual:    1.30206431156226073863699177078040999E-0005
